1000
999
1 2
1 3
1 4
1 5
1 6
1 7
1 8
2 9
2 10
2 11
2 12
2 13
2 14
3 15
3 16
3 17
3 18
3 19
3 20
4 21
4 22
4 23
4 24
4 25
4 26
5 27
5 28
5 29
5 30
5 31
5 32
6 33
6 34
6 35
6 36
6 37
6 38
7 39
7 40
7 41
7 42
7 43
7 44
8 45
8 46
8 47
8 48
8 49
8 50
9 51
9 52
9 53
9 54
9 55
9 56
10 57
10 58
10 59
10 60
10 61
10 62
11 63
11 64
11 65
11 66
11 67
11 68
12 69
12 70
12 71
12 72
12 73
12 74
13 75
13 76
13 77
13 78
13 79
13 80
14 81
14 82
14 83
14 84
14 85
14 86
15 87
15 88
15 89
15 90
15 91
15 92
16 93
16 94
16 95
16 96
16 97
16 98
17 99
17 100
17 101
17 102
17 103
17 104
18 105
18 106
18 107
18 108
18 109
18 110
19 111
19 112
19 113
19 114
19 115
19 116
20 117
20 118
20 119
20 120
20 121
20 122
21 123
21 124
21 125
21 126
21 127
21 128
22 129
22 130
22 131
22 132
22 133
22 134
23 135
23 136
23 137
23 138
23 139
23 140
24 141
24 142
24 143
24 144
24 145
24 146
25 147
25 148
25 149
25 150
25 151
25 152
26 153
26 154
26 155
26 156
26 157
26 158
27 159
27 160
27 161
27 162
27 163
27 164
28 165
28 166
28 167
28 168
28 169
28 170
29 171
29 172
29 173
29 174
29 175
29 176
30 177
30 178
30 179
30 180
30 181
30 182
31 183
31 184
31 185
31 186
31 187
31 188
32 189
32 190
32 191
32 192
32 193
32 194
33 195
33 196
33 197
33 198
33 199
33 200
34 201
34 202
34 203
34 204
34 205
34 206
35 207
35 208
35 209
35 210
35 211
35 212
36 213
36 214
36 215
36 216
36 217
36 218
37 219
37 220
37 221
37 222
37 223
37 224
38 225
38 226
38 227
38 228
38 229
38 230
39 231
39 232
39 233
39 234
39 235
39 236
40 237
40 238
40 239
40 240
40 241
40 242
41 243
41 244
41 245
41 246
41 247
41 248
42 249
42 250
42 251
42 252
42 253
42 254
43 255
43 256
43 257
43 258
43 259
43 260
44 261
44 262
44 263
44 264
44 265
44 266
45 267
45 268
45 269
45 270
45 271
45 272
46 273
46 274
46 275
46 276
46 277
46 278
47 279
47 280
47 281
47 282
47 283
47 284
48 285
48 286
48 287
48 288
48 289
48 290
49 291
49 292
49 293
49 294
49 295
49 296
50 297
50 298
50 299
50 300
50 301
50 302
51 303
51 304
51 305
51 306
51 307
51 308
52 309
52 310
52 311
52 312
52 313
52 314
53 315
53 316
53 317
53 318
53 319
53 320
54 321
54 322
54 323
54 324
54 325
54 326
55 327
55 328
55 329
55 330
55 331
55 332
56 333
56 334
56 335
56 336
56 337
56 338
57 339
57 340
57 341
57 342
57 343
57 344
58 345
58 346
58 347
58 348
58 349
58 350
59 351
59 352
59 353
59 354
59 355
59 356
60 357
60 358
60 359
60 360
60 361
60 362
61 363
61 364
61 365
61 366
61 367
61 368
62 369
62 370
62 371
62 372
62 373
62 374
63 375
63 376
63 377
63 378
63 379
63 380
64 381
64 382
64 383
64 384
64 385
64 386
65 387
65 388
65 389
65 390
65 391
65 392
66 393
66 394
66 395
66 396
66 397
66 398
67 399
67 400
67 401
67 402
67 403
67 404
68 405
68 406
68 407
68 408
68 409
68 410
69 411
69 412
69 413
69 414
69 415
69 416
70 417
70 418
70 419
70 420
70 421
70 422
71 423
71 424
71 425
71 426
71 427
71 428
72 429
72 430
72 431
72 432
72 433
72 434
73 435
73 436
73 437
73 438
73 439
73 440
74 441
74 442
74 443
74 444
74 445
74 446
75 447
75 448
75 449
75 450
75 451
75 452
76 453
76 454
76 455
76 456
76 457
76 458
77 459
77 460
77 461
77 462
77 463
77 464
78 465
78 466
78 467
78 468
78 469
78 470
79 471
79 472
79 473
79 474
79 475
79 476
80 477
80 478
80 479
80 480
80 481
80 482
81 483
81 484
81 485
81 486
81 487
81 488
82 489
82 490
82 491
82 492
82 493
82 494
83 495
83 496
83 497
83 498
83 499
83 500
84 501
84 502
84 503
84 504
84 505
84 506
85 507
85 508
85 509
85 510
85 511
85 512
86 513
86 514
86 515
86 516
86 517
86 518
87 519
87 520
87 521
87 522
87 523
87 524
88 525
88 526
88 527
88 528
88 529
88 530
89 531
89 532
89 533
89 534
89 535
89 536
90 537
90 538
90 539
90 540
90 541
90 542
91 543
91 544
91 545
91 546
91 547
91 548
92 549
92 550
92 551
92 552
92 553
92 554
93 555
93 556
93 557
93 558
93 559
93 560
94 561
94 562
94 563
94 564
94 565
94 566
95 567
95 568
95 569
95 570
95 571
95 572
96 573
96 574
96 575
96 576
96 577
96 578
97 579
97 580
97 581
97 582
97 583
97 584
98 585
98 586
98 587
98 588
98 589
98 590
99 591
99 592
99 593
99 594
99 595
99 596
100 597
100 598
100 599
100 600
100 601
100 602
101 603
101 604
101 605
101 606
101 607
101 608
102 609
102 610
102 611
102 612
102 613
102 614
103 615
103 616
103 617
103 618
103 619
103 620
104 621
104 622
104 623
104 624
104 625
104 626
105 627
105 628
105 629
105 630
105 631
105 632
106 633
106 634
106 635
106 636
106 637
106 638
107 639
107 640
107 641
107 642
107 643
107 644
108 645
108 646
108 647
108 648
108 649
108 650
109 651
109 652
109 653
109 654
109 655
109 656
110 657
110 658
110 659
110 660
110 661
110 662
111 663
111 664
111 665
111 666
111 667
111 668
112 669
112 670
112 671
112 672
112 673
112 674
113 675
113 676
113 677
113 678
113 679
113 680
114 681
114 682
114 683
114 684
114 685
114 686
115 687
115 688
115 689
115 690
115 691
115 692
116 693
116 694
116 695
116 696
116 697
116 698
117 699
117 700
117 701
117 702
117 703
117 704
118 705
118 706
118 707
118 708
118 709
118 710
119 711
119 712
119 713
119 714
119 715
119 716
120 717
120 718
120 719
120 720
120 721
120 722
121 723
121 724
121 725
121 726
121 727
121 728
122 729
122 730
122 731
122 732
122 733
122 734
123 735
123 736
123 737
123 738
123 739
123 740
124 741
124 742
124 743
124 744
124 745
124 746
125 747
125 748
125 749
125 750
125 751
125 752
126 753
126 754
126 755
126 756
126 757
126 758
127 759
127 760
127 761
127 762
127 763
127 764
128 765
128 766
128 767
128 768
128 769
128 770
129 771
129 772
129 773
129 774
129 775
129 776
130 777
130 778
130 779
130 780
130 781
130 782
131 783
131 784
131 785
131 786
131 787
131 788
132 789
132 790
132 791
132 792
132 793
132 794
133 795
133 796
133 797
133 798
133 799
133 800
134 801
134 802
134 803
134 804
134 805
134 806
135 807
135 808
135 809
135 810
135 811
135 812
136 813
136 814
136 815
136 816
136 817
136 818
137 819
137 820
137 821
137 822
137 823
137 824
138 825
138 826
138 827
138 828
138 829
138 830
139 831
139 832
139 833
139 834
139 835
139 836
140 837
140 838
140 839
140 840
140 841
140 842
141 843
141 844
141 845
141 846
141 847
141 848
142 849
142 850
142 851
142 852
142 853
142 854
143 855
143 856
143 857
143 858
143 859
143 860
144 861
144 862
144 863
144 864
144 865
144 866
145 867
145 868
145 869
145 870
145 871
145 872
146 873
146 874
146 875
146 876
146 877
146 878
147 879
147 880
147 881
147 882
147 883
147 884
148 885
148 886
148 887
148 888
148 889
148 890
149 891
149 892
149 893
149 894
149 895
149 896
150 897
150 898
150 899
150 900
150 901
150 902
151 903
151 904
151 905
151 906
151 907
151 908
152 909
152 910
152 911
152 912
152 913
152 914
153 915
153 916
153 917
153 918
153 919
153 920
154 921
154 922
154 923
154 924
154 925
154 926
155 927
155 928
155 929
155 930
155 931
155 932
156 933
156 934
156 935
156 936
156 937
156 938
157 939
157 940
157 941
157 942
157 943
157 944
158 945
158 946
158 947
158 948
158 949
158 950
159 951
159 952
159 953
159 954
159 955
159 956
160 957
160 958
160 959
160 960
160 961
160 962
161 963
161 964
161 965
161 966
161 967
161 968
162 969
162 970
162 971
162 972
162 973
162 974
163 975
163 976
163 977
163 978
163 979
163 980
164 981
164 982
164 983
164 984
164 985
164 986
165 987
165 988
165 989
165 990
165 991
165 992
166 993
166 994
166 995
166 996
166 997
166 998
167 999
167 1000
