1000
1936
1 2
2 3
3 4
4 5
5 6
6 7
7 8
8 9
9 10
10 11
11 12
12 13
13 14
14 15
15 16
16 17
17 18
18 19
19 20
20 21
21 22
22 23
23 24
24 25
25 26
26 27
27 28
28 29
29 30
30 31
31 32
33 34
1 33
34 35
2 34
35 36
3 35
36 37
4 36
37 38
5 37
38 39
6 38
39 40
7 39
40 41
8 40
41 42
9 41
42 43
10 42
43 44
11 43
44 45
12 44
45 46
13 45
46 47
14 46
47 48
15 47
48 49
16 48
49 50
17 49
50 51
18 50
51 52
19 51
52 53
20 52
53 54
21 53
54 55
22 54
55 56
23 55
56 57
24 56
57 58
25 57
58 59
26 58
59 60
27 59
60 61
28 60
61 62
29 61
62 63
30 62
63 64
31 63
32 64
65 66
33 65
66 67
34 66
67 68
35 67
68 69
36 68
69 70
37 69
70 71
38 70
71 72
39 71
72 73
40 72
73 74
41 73
74 75
42 74
75 76
43 75
76 77
44 76
77 78
45 77
78 79
46 78
79 80
47 79
80 81
48 80
81 82
49 81
82 83
50 82
83 84
51 83
84 85
52 84
85 86
53 85
86 87
54 86
87 88
55 87
88 89
56 88
89 90
57 89
90 91
58 90
91 92
59 91
92 93
60 92
93 94
61 93
94 95
62 94
95 96
63 95
64 96
97 98
65 97
98 99
66 98
99 100
67 99
100 101
68 100
101 102
69 101
102 103
70 102
103 104
71 103
104 105
72 104
105 106
73 105
106 107
74 106
107 108
75 107
108 109
76 108
109 110
77 109
110 111
78 110
111 112
79 111
112 113
80 112
113 114
81 113
114 115
82 114
115 116
83 115
116 117
84 116
117 118
85 117
118 119
86 118
119 120
87 119
120 121
88 120
121 122
89 121
122 123
90 122
123 124
91 123
124 125
92 124
125 126
93 125
126 127
94 126
127 128
95 127
96 128
129 130
97 129
130 131
98 130
131 132
99 131
132 133
100 132
133 134
101 133
134 135
102 134
135 136
103 135
136 137
104 136
137 138
105 137
138 139
106 138
139 140
107 139
140 141
108 140
141 142
109 141
142 143
110 142
143 144
111 143
144 145
112 144
145 146
113 145
146 147
114 146
147 148
115 147
148 149
116 148
149 150
117 149
150 151
118 150
151 152
119 151
152 153
120 152
153 154
121 153
154 155
122 154
155 156
123 155
156 157
124 156
157 158
125 157
158 159
126 158
159 160
127 159
128 160
161 162
129 161
162 163
130 162
163 164
131 163
164 165
132 164
165 166
133 165
166 167
134 166
167 168
135 167
168 169
136 168
169 170
137 169
170 171
138 170
171 172
139 171
172 173
140 172
173 174
141 173
174 175
142 174
175 176
143 175
176 177
144 176
177 178
145 177
178 179
146 178
179 180
147 179
180 181
148 180
181 182
149 181
182 183
150 182
183 184
151 183
184 185
152 184
185 186
153 185
186 187
154 186
187 188
155 187
188 189
156 188
189 190
157 189
190 191
158 190
191 192
159 191
160 192
193 194
161 193
194 195
162 194
195 196
163 195
196 197
164 196
197 198
165 197
198 199
166 198
199 200
167 199
200 201
168 200
201 202
169 201
202 203
170 202
203 204
171 203
204 205
172 204
205 206
173 205
206 207
174 206
207 208
175 207
208 209
176 208
209 210
177 209
210 211
178 210
211 212
179 211
212 213
180 212
213 214
181 213
214 215
182 214
215 216
183 215
216 217
184 216
217 218
185 217
218 219
186 218
219 220
187 219
220 221
188 220
221 222
189 221
222 223
190 222
223 224
191 223
192 224
225 226
193 225
226 227
194 226
227 228
195 227
228 229
196 228
229 230
197 229
230 231
198 230
231 232
199 231
232 233
200 232
233 234
201 233
234 235
202 234
235 236
203 235
236 237
204 236
237 238
205 237
238 239
206 238
239 240
207 239
240 241
208 240
241 242
209 241
242 243
210 242
243 244
211 243
244 245
212 244
245 246
213 245
246 247
214 246
247 248
215 247
248 249
216 248
249 250
217 249
250 251
218 250
251 252
219 251
252 253
220 252
253 254
221 253
254 255
222 254
255 256
223 255
224 256
257 258
225 257
258 259
226 258
259 260
227 259
260 261
228 260
261 262
229 261
262 263
230 262
263 264
231 263
264 265
232 264
265 266
233 265
266 267
234 266
267 268
235 267
268 269
236 268
269 270
237 269
270 271
238 270
271 272
239 271
272 273
240 272
273 274
241 273
274 275
242 274
275 276
243 275
276 277
244 276
277 278
245 277
278 279
246 278
279 280
247 279
280 281
248 280
281 282
249 281
282 283
250 282
283 284
251 283
284 285
252 284
285 286
253 285
286 287
254 286
287 288
255 287
256 288
289 290
257 289
290 291
258 290
291 292
259 291
292 293
260 292
293 294
261 293
294 295
262 294
295 296
263 295
296 297
264 296
297 298
265 297
298 299
266 298
299 300
267 299
300 301
268 300
301 302
269 301
302 303
270 302
303 304
271 303
304 305
272 304
305 306
273 305
306 307
274 306
307 308
275 307
308 309
276 308
309 310
277 309
310 311
278 310
311 312
279 311
312 313
280 312
313 314
281 313
314 315
282 314
315 316
283 315
316 317
284 316
317 318
285 317
318 319
286 318
319 320
287 319
288 320
321 322
289 321
322 323
290 322
323 324
291 323
324 325
292 324
325 326
293 325
326 327
294 326
327 328
295 327
328 329
296 328
329 330
297 329
330 331
298 330
331 332
299 331
332 333
300 332
333 334
301 333
334 335
302 334
335 336
303 335
336 337
304 336
337 338
305 337
338 339
306 338
339 340
307 339
340 341
308 340
341 342
309 341
342 343
310 342
343 344
311 343
344 345
312 344
345 346
313 345
346 347
314 346
347 348
315 347
348 349
316 348
349 350
317 349
350 351
318 350
351 352
319 351
320 352
353 354
321 353
354 355
322 354
355 356
323 355
356 357
324 356
357 358
325 357
358 359
326 358
359 360
327 359
360 361
328 360
361 362
329 361
362 363
330 362
363 364
331 363
364 365
332 364
365 366
333 365
366 367
334 366
367 368
335 367
368 369
336 368
369 370
337 369
370 371
338 370
371 372
339 371
372 373
340 372
373 374
341 373
374 375
342 374
375 376
343 375
376 377
344 376
377 378
345 377
378 379
346 378
379 380
347 379
380 381
348 380
381 382
349 381
382 383
350 382
383 384
351 383
352 384
385 386
353 385
386 387
354 386
387 388
355 387
388 389
356 388
389 390
357 389
390 391
358 390
391 392
359 391
392 393
360 392
393 394
361 393
394 395
362 394
395 396
363 395
396 397
364 396
397 398
365 397
398 399
366 398
399 400
367 399
400 401
368 400
401 402
369 401
402 403
370 402
403 404
371 403
404 405
372 404
405 406
373 405
406 407
374 406
407 408
375 407
408 409
376 408
409 410
377 409
410 411
378 410
411 412
379 411
412 413
380 412
413 414
381 413
414 415
382 414
415 416
383 415
384 416
417 418
385 417
418 419
386 418
419 420
387 419
420 421
388 420
421 422
389 421
422 423
390 422
423 424
391 423
424 425
392 424
425 426
393 425
426 427
394 426
427 428
395 427
428 429
396 428
429 430
397 429
430 431
398 430
431 432
399 431
432 433
400 432
433 434
401 433
434 435
402 434
435 436
403 435
436 437
404 436
437 438
405 437
438 439
406 438
439 440
407 439
440 441
408 440
441 442
409 441
442 443
410 442
443 444
411 443
444 445
412 444
445 446
413 445
446 447
414 446
447 448
415 447
416 448
449 450
417 449
450 451
418 450
451 452
419 451
452 453
420 452
453 454
421 453
454 455
422 454
455 456
423 455
456 457
424 456
457 458
425 457
458 459
426 458
459 460
427 459
460 461
428 460
461 462
429 461
462 463
430 462
463 464
431 463
464 465
432 464
465 466
433 465
466 467
434 466
467 468
435 467
468 469
436 468
469 470
437 469
470 471
438 470
471 472
439 471
472 473
440 472
473 474
441 473
474 475
442 474
475 476
443 475
476 477
444 476
477 478
445 477
478 479
446 478
479 480
447 479
448 480
481 482
449 481
482 483
450 482
483 484
451 483
484 485
452 484
485 486
453 485
486 487
454 486
487 488
455 487
488 489
456 488
489 490
457 489
490 491
458 490
491 492
459 491
492 493
460 492
493 494
461 493
494 495
462 494
495 496
463 495
496 497
464 496
497 498
465 497
498 499
466 498
499 500
467 499
500 501
468 500
501 502
469 501
502 503
470 502
503 504
471 503
504 505
472 504
505 506
473 505
506 507
474 506
507 508
475 507
508 509
476 508
509 510
477 509
510 511
478 510
511 512
479 511
480 512
513 514
481 513
514 515
482 514
515 516
483 515
516 517
484 516
517 518
485 517
518 519
486 518
519 520
487 519
520 521
488 520
521 522
489 521
522 523
490 522
523 524
491 523
524 525
492 524
525 526
493 525
526 527
494 526
527 528
495 527
528 529
496 528
529 530
497 529
530 531
498 530
531 532
499 531
532 533
500 532
533 534
501 533
534 535
502 534
535 536
503 535
536 537
504 536
537 538
505 537
538 539
506 538
539 540
507 539
540 541
508 540
541 542
509 541
542 543
510 542
543 544
511 543
512 544
545 546
513 545
546 547
514 546
547 548
515 547
548 549
516 548
549 550
517 549
550 551
518 550
551 552
519 551
552 553
520 552
553 554
521 553
554 555
522 554
555 556
523 555
556 557
524 556
557 558
525 557
558 559
526 558
559 560
527 559
560 561
528 560
561 562
529 561
562 563
530 562
563 564
531 563
564 565
532 564
565 566
533 565
566 567
534 566
567 568
535 567
568 569
536 568
569 570
537 569
570 571
538 570
571 572
539 571
572 573
540 572
573 574
541 573
574 575
542 574
575 576
543 575
544 576
577 578
545 577
578 579
546 578
579 580
547 579
580 581
548 580
581 582
549 581
582 583
550 582
583 584
551 583
584 585
552 584
585 586
553 585
586 587
554 586
587 588
555 587
588 589
556 588
589 590
557 589
590 591
558 590
591 592
559 591
592 593
560 592
593 594
561 593
594 595
562 594
595 596
563 595
596 597
564 596
597 598
565 597
598 599
566 598
599 600
567 599
600 601
568 600
601 602
569 601
602 603
570 602
603 604
571 603
604 605
572 604
605 606
573 605
606 607
574 606
607 608
575 607
576 608
609 610
577 609
610 611
578 610
611 612
579 611
612 613
580 612
613 614
581 613
614 615
582 614
615 616
583 615
616 617
584 616
617 618
585 617
618 619
586 618
619 620
587 619
620 621
588 620
621 622
589 621
622 623
590 622
623 624
591 623
624 625
592 624
625 626
593 625
626 627
594 626
627 628
595 627
628 629
596 628
629 630
597 629
630 631
598 630
631 632
599 631
632 633
600 632
633 634
601 633
634 635
602 634
635 636
603 635
636 637
604 636
637 638
605 637
638 639
606 638
639 640
607 639
608 640
641 642
609 641
642 643
610 642
643 644
611 643
644 645
612 644
645 646
613 645
646 647
614 646
647 648
615 647
648 649
616 648
649 650
617 649
650 651
618 650
651 652
619 651
652 653
620 652
653 654
621 653
654 655
622 654
655 656
623 655
656 657
624 656
657 658
625 657
658 659
626 658
659 660
627 659
660 661
628 660
661 662
629 661
662 663
630 662
663 664
631 663
664 665
632 664
665 666
633 665
666 667
634 666
667 668
635 667
668 669
636 668
669 670
637 669
670 671
638 670
671 672
639 671
640 672
673 674
641 673
674 675
642 674
675 676
643 675
676 677
644 676
677 678
645 677
678 679
646 678
679 680
647 679
680 681
648 680
681 682
649 681
682 683
650 682
683 684
651 683
684 685
652 684
685 686
653 685
686 687
654 686
687 688
655 687
688 689
656 688
689 690
657 689
690 691
658 690
691 692
659 691
692 693
660 692
693 694
661 693
694 695
662 694
695 696
663 695
696 697
664 696
697 698
665 697
698 699
666 698
699 700
667 699
700 701
668 700
701 702
669 701
702 703
670 702
703 704
671 703
672 704
705 706
673 705
706 707
674 706
707 708
675 707
708 709
676 708
709 710
677 709
710 711
678 710
711 712
679 711
712 713
680 712
713 714
681 713
714 715
682 714
715 716
683 715
716 717
684 716
717 718
685 717
718 719
686 718
719 720
687 719
720 721
688 720
721 722
689 721
722 723
690 722
723 724
691 723
724 725
692 724
725 726
693 725
726 727
694 726
727 728
695 727
728 729
696 728
729 730
697 729
730 731
698 730
731 732
699 731
732 733
700 732
733 734
701 733
734 735
702 734
735 736
703 735
704 736
737 738
705 737
738 739
706 738
739 740
707 739
740 741
708 740
741 742
709 741
742 743
710 742
743 744
711 743
744 745
712 744
745 746
713 745
746 747
714 746
747 748
715 747
748 749
716 748
749 750
717 749
750 751
718 750
751 752
719 751
752 753
720 752
753 754
721 753
754 755
722 754
755 756
723 755
756 757
724 756
757 758
725 757
758 759
726 758
759 760
727 759
760 761
728 760
761 762
729 761
762 763
730 762
763 764
731 763
764 765
732 764
765 766
733 765
766 767
734 766
767 768
735 767
736 768
769 770
737 769
770 771
738 770
771 772
739 771
772 773
740 772
773 774
741 773
774 775
742 774
775 776
743 775
776 777
744 776
777 778
745 777
778 779
746 778
779 780
747 779
780 781
748 780
781 782
749 781
782 783
750 782
783 784
751 783
784 785
752 784
785 786
753 785
786 787
754 786
787 788
755 787
788 789
756 788
789 790
757 789
790 791
758 790
791 792
759 791
792 793
760 792
793 794
761 793
794 795
762 794
795 796
763 795
796 797
764 796
797 798
765 797
798 799
766 798
799 800
767 799
768 800
801 802
769 801
802 803
770 802
803 804
771 803
804 805
772 804
805 806
773 805
806 807
774 806
807 808
775 807
808 809
776 808
809 810
777 809
810 811
778 810
811 812
779 811
812 813
780 812
813 814
781 813
814 815
782 814
815 816
783 815
816 817
784 816
817 818
785 817
818 819
786 818
819 820
787 819
820 821
788 820
821 822
789 821
822 823
790 822
823 824
791 823
824 825
792 824
825 826
793 825
826 827
794 826
827 828
795 827
828 829
796 828
829 830
797 829
830 831
798 830
831 832
799 831
800 832
833 834
801 833
834 835
802 834
835 836
803 835
836 837
804 836
837 838
805 837
838 839
806 838
839 840
807 839
840 841
808 840
841 842
809 841
842 843
810 842
843 844
811 843
844 845
812 844
845 846
813 845
846 847
814 846
847 848
815 847
848 849
816 848
849 850
817 849
850 851
818 850
851 852
819 851
852 853
820 852
853 854
821 853
854 855
822 854
855 856
823 855
856 857
824 856
857 858
825 857
858 859
826 858
859 860
827 859
860 861
828 860
861 862
829 861
862 863
830 862
863 864
831 863
832 864
865 866
833 865
866 867
834 866
867 868
835 867
868 869
836 868
869 870
837 869
870 871
838 870
871 872
839 871
872 873
840 872
873 874
841 873
874 875
842 874
875 876
843 875
876 877
844 876
877 878
845 877
878 879
846 878
879 880
847 879
880 881
848 880
881 882
849 881
882 883
850 882
883 884
851 883
884 885
852 884
885 886
853 885
886 887
854 886
887 888
855 887
888 889
856 888
889 890
857 889
890 891
858 890
891 892
859 891
892 893
860 892
893 894
861 893
894 895
862 894
895 896
863 895
864 896
897 898
865 897
898 899
866 898
899 900
867 899
900 901
868 900
901 902
869 901
902 903
870 902
903 904
871 903
904 905
872 904
905 906
873 905
906 907
874 906
907 908
875 907
908 909
876 908
909 910
877 909
910 911
878 910
911 912
879 911
912 913
880 912
913 914
881 913
914 915
882 914
915 916
883 915
916 917
884 916
917 918
885 917
918 919
886 918
919 920
887 919
920 921
888 920
921 922
889 921
922 923
890 922
923 924
891 923
924 925
892 924
925 926
893 925
926 927
894 926
927 928
895 927
896 928
929 930
897 929
930 931
898 930
931 932
899 931
932 933
900 932
933 934
901 933
934 935
902 934
935 936
903 935
936 937
904 936
937 938
905 937
938 939
906 938
939 940
907 939
940 941
908 940
941 942
909 941
942 943
910 942
943 944
911 943
944 945
912 944
945 946
913 945
946 947
914 946
947 948
915 947
948 949
916 948
949 950
917 949
950 951
918 950
951 952
919 951
952 953
920 952
953 954
921 953
954 955
922 954
955 956
923 955
956 957
924 956
957 958
925 957
958 959
926 958
959 960
927 959
928 960
961 962
929 961
962 963
930 962
963 964
931 963
964 965
932 964
965 966
933 965
966 967
934 966
967 968
935 967
968 969
936 968
969 970
937 969
970 971
938 970
971 972
939 971
972 973
940 972
973 974
941 973
974 975
942 974
975 976
943 975
976 977
944 976
977 978
945 977
978 979
946 978
979 980
947 979
980 981
948 980
981 982
949 981
982 983
950 982
983 984
951 983
984 985
952 984
985 986
953 985
986 987
954 986
987 988
955 987
988 989
956 988
989 990
957 989
990 991
958 990
991 992
959 991
960 992
993 994
961 993
994 995
962 994
995 996
963 995
996 997
964 996
997 998
965 997
998 999
966 998
999 1000
967 999
968 1000
