1000
999
1 2
1 3
1 4
1 5
1 6
1 7
1 8
1 9
2 10
2 11
2 12
2 13
2 14
2 15
2 16
3 17
3 18
3 19
3 20
3 21
3 22
3 23
4 24
4 25
4 26
4 27
4 28
4 29
4 30
5 31
5 32
5 33
5 34
5 35
5 36
5 37
6 38
6 39
6 40
6 41
6 42
6 43
6 44
7 45
7 46
7 47
7 48
7 49
7 50
7 51
8 52
8 53
8 54
8 55
8 56
8 57
8 58
9 59
9 60
9 61
9 62
9 63
9 64
9 65
10 66
10 67
10 68
10 69
10 70
10 71
10 72
11 73
11 74
11 75
11 76
11 77
11 78
11 79
12 80
12 81
12 82
12 83
12 84
12 85
12 86
13 87
13 88
13 89
13 90
13 91
13 92
13 93
14 94
14 95
14 96
14 97
14 98
14 99
14 100
15 101
15 102
15 103
15 104
15 105
15 106
15 107
16 108
16 109
16 110
16 111
16 112
16 113
16 114
17 115
17 116
17 117
17 118
17 119
17 120
17 121
18 122
18 123
18 124
18 125
18 126
18 127
18 128
19 129
19 130
19 131
19 132
19 133
19 134
19 135
20 136
20 137
20 138
20 139
20 140
20 141
20 142
21 143
21 144
21 145
21 146
21 147
21 148
21 149
22 150
22 151
22 152
22 153
22 154
22 155
22 156
23 157
23 158
23 159
23 160
23 161
23 162
23 163
24 164
24 165
24 166
24 167
24 168
24 169
24 170
25 171
25 172
25 173
25 174
25 175
25 176
25 177
26 178
26 179
26 180
26 181
26 182
26 183
26 184
27 185
27 186
27 187
27 188
27 189
27 190
27 191
28 192
28 193
28 194
28 195
28 196
28 197
28 198
29 199
29 200
29 201
29 202
29 203
29 204
29 205
30 206
30 207
30 208
30 209
30 210
30 211
30 212
31 213
31 214
31 215
31 216
31 217
31 218
31 219
32 220
32 221
32 222
32 223
32 224
32 225
32 226
33 227
33 228
33 229
33 230
33 231
33 232
33 233
34 234
34 235
34 236
34 237
34 238
34 239
34 240
35 241
35 242
35 243
35 244
35 245
35 246
35 247
36 248
36 249
36 250
36 251
36 252
36 253
36 254
37 255
37 256
37 257
37 258
37 259
37 260
37 261
38 262
38 263
38 264
38 265
38 266
38 267
38 268
39 269
39 270
39 271
39 272
39 273
39 274
39 275
40 276
40 277
40 278
40 279
40 280
40 281
40 282
41 283
41 284
41 285
41 286
41 287
41 288
41 289
42 290
42 291
42 292
42 293
42 294
42 295
42 296
43 297
43 298
43 299
43 300
43 301
43 302
43 303
44 304
44 305
44 306
44 307
44 308
44 309
44 310
45 311
45 312
45 313
45 314
45 315
45 316
45 317
46 318
46 319
46 320
46 321
46 322
46 323
46 324
47 325
47 326
47 327
47 328
47 329
47 330
47 331
48 332
48 333
48 334
48 335
48 336
48 337
48 338
49 339
49 340
49 341
49 342
49 343
49 344
49 345
50 346
50 347
50 348
50 349
50 350
50 351
50 352
51 353
51 354
51 355
51 356
51 357
51 358
51 359
52 360
52 361
52 362
52 363
52 364
52 365
52 366
53 367
53 368
53 369
53 370
53 371
53 372
53 373
54 374
54 375
54 376
54 377
54 378
54 379
54 380
55 381
55 382
55 383
55 384
55 385
55 386
55 387
56 388
56 389
56 390
56 391
56 392
56 393
56 394
57 395
57 396
57 397
57 398
57 399
57 400
57 401
58 402
58 403
58 404
58 405
58 406
58 407
58 408
59 409
59 410
59 411
59 412
59 413
59 414
59 415
60 416
60 417
60 418
60 419
60 420
60 421
60 422
61 423
61 424
61 425
61 426
61 427
61 428
61 429
62 430
62 431
62 432
62 433
62 434
62 435
62 436
63 437
63 438
63 439
63 440
63 441
63 442
63 443
64 444
64 445
64 446
64 447
64 448
64 449
64 450
65 451
65 452
65 453
65 454
65 455
65 456
65 457
66 458
66 459
66 460
66 461
66 462
66 463
66 464
67 465
67 466
67 467
67 468
67 469
67 470
67 471
68 472
68 473
68 474
68 475
68 476
68 477
68 478
69 479
69 480
69 481
69 482
69 483
69 484
69 485
70 486
70 487
70 488
70 489
70 490
70 491
70 492
71 493
71 494
71 495
71 496
71 497
71 498
71 499
72 500
72 501
72 502
72 503
72 504
72 505
72 506
73 507
73 508
73 509
73 510
73 511
73 512
73 513
74 514
74 515
74 516
74 517
74 518
74 519
74 520
75 521
75 522
75 523
75 524
75 525
75 526
75 527
76 528
76 529
76 530
76 531
76 532
76 533
76 534
77 535
77 536
77 537
77 538
77 539
77 540
77 541
78 542
78 543
78 544
78 545
78 546
78 547
78 548
79 549
79 550
79 551
79 552
79 553
79 554
79 555
80 556
80 557
80 558
80 559
80 560
80 561
80 562
81 563
81 564
81 565
81 566
81 567
81 568
81 569
82 570
82 571
82 572
82 573
82 574
82 575
82 576
83 577
83 578
83 579
83 580
83 581
83 582
83 583
84 584
84 585
84 586
84 587
84 588
84 589
84 590
85 591
85 592
85 593
85 594
85 595
85 596
85 597
86 598
86 599
86 600
86 601
86 602
86 603
86 604
87 605
87 606
87 607
87 608
87 609
87 610
87 611
88 612
88 613
88 614
88 615
88 616
88 617
88 618
89 619
89 620
89 621
89 622
89 623
89 624
89 625
90 626
90 627
90 628
90 629
90 630
90 631
90 632
91 633
91 634
91 635
91 636
91 637
91 638
91 639
92 640
92 641
92 642
92 643
92 644
92 645
92 646
93 647
93 648
93 649
93 650
93 651
93 652
93 653
94 654
94 655
94 656
94 657
94 658
94 659
94 660
95 661
95 662
95 663
95 664
95 665
95 666
95 667
96 668
96 669
96 670
96 671
96 672
96 673
96 674
97 675
97 676
97 677
97 678
97 679
97 680
97 681
98 682
98 683
98 684
98 685
98 686
98 687
98 688
99 689
99 690
99 691
99 692
99 693
99 694
99 695
100 696
100 697
100 698
100 699
100 700
100 701
100 702
101 703
101 704
101 705
101 706
101 707
101 708
101 709
102 710
102 711
102 712
102 713
102 714
102 715
102 716
103 717
103 718
103 719
103 720
103 721
103 722
103 723
104 724
104 725
104 726
104 727
104 728
104 729
104 730
105 731
105 732
105 733
105 734
105 735
105 736
105 737
106 738
106 739
106 740
106 741
106 742
106 743
106 744
107 745
107 746
107 747
107 748
107 749
107 750
107 751
108 752
108 753
108 754
108 755
108 756
108 757
108 758
109 759
109 760
109 761
109 762
109 763
109 764
109 765
110 766
110 767
110 768
110 769
110 770
110 771
110 772
111 773
111 774
111 775
111 776
111 777
111 778
111 779
112 780
112 781
112 782
112 783
112 784
112 785
112 786
113 787
113 788
113 789
113 790
113 791
113 792
113 793
114 794
114 795
114 796
114 797
114 798
114 799
114 800
115 801
115 802
115 803
115 804
115 805
115 806
115 807
116 808
116 809
116 810
116 811
116 812
116 813
116 814
117 815
117 816
117 817
117 818
117 819
117 820
117 821
118 822
118 823
118 824
118 825
118 826
118 827
118 828
119 829
119 830
119 831
119 832
119 833
119 834
119 835
120 836
120 837
120 838
120 839
120 840
120 841
120 842
121 843
121 844
121 845
121 846
121 847
121 848
121 849
122 850
122 851
122 852
122 853
122 854
122 855
122 856
123 857
123 858
123 859
123 860
123 861
123 862
123 863
124 864
124 865
124 866
124 867
124 868
124 869
124 870
125 871
125 872
125 873
125 874
125 875
125 876
125 877
126 878
126 879
126 880
126 881
126 882
126 883
126 884
127 885
127 886
127 887
127 888
127 889
127 890
127 891
128 892
128 893
128 894
128 895
128 896
128 897
128 898
129 899
129 900
129 901
129 902
129 903
129 904
129 905
130 906
130 907
130 908
130 909
130 910
130 911
130 912
131 913
131 914
131 915
131 916
131 917
131 918
131 919
132 920
132 921
132 922
132 923
132 924
132 925
132 926
133 927
133 928
133 929
133 930
133 931
133 932
133 933
134 934
134 935
134 936
134 937
134 938
134 939
134 940
135 941
135 942
135 943
135 944
135 945
135 946
135 947
136 948
136 949
136 950
136 951
136 952
136 953
136 954
137 955
137 956
137 957
137 958
137 959
137 960
137 961
138 962
138 963
138 964
138 965
138 966
138 967
138 968
139 969
139 970
139 971
139 972
139 973
139 974
139 975
140 976
140 977
140 978
140 979
140 980
140 981
140 982
141 983
141 984
141 985
141 986
141 987
141 988
141 989
142 990
142 991
142 992
142 993
142 994
142 995
142 996
143 997
143 998
143 999
143 1000
