200
371
1 2
2 3
3 4
4 5
5 6
6 7
7 8
8 9
9 10
10 11
11 12
12 13
13 14
14 15
16 17
1 16
17 18
2 17
18 19
3 18
19 20
4 19
20 21
5 20
21 22
6 21
22 23
7 22
23 24
8 23
24 25
9 24
25 26
10 25
26 27
11 26
27 28
12 27
28 29
13 28
29 30
14 29
15 30
31 32
16 31
32 33
17 32
33 34
18 33
34 35
19 34
35 36
20 35
36 37
21 36
37 38
22 37
38 39
23 38
39 40
24 39
40 41
25 40
41 42
26 41
42 43
27 42
43 44
28 43
44 45
29 44
30 45
46 47
31 46
47 48
32 47
48 49
33 48
49 50
34 49
50 51
35 50
51 52
36 51
52 53
37 52
53 54
38 53
54 55
39 54
55 56
40 55
56 57
41 56
57 58
42 57
58 59
43 58
59 60
44 59
45 60
61 62
46 61
62 63
47 62
63 64
48 63
64 65
49 64
65 66
50 65
66 67
51 66
67 68
52 67
68 69
53 68
69 70
54 69
70 71
55 70
71 72
56 71
72 73
57 72
73 74
58 73
74 75
59 74
60 75
76 77
61 76
77 78
62 77
78 79
63 78
79 80
64 79
80 81
65 80
81 82
66 81
82 83
67 82
83 84
68 83
84 85
69 84
85 86
70 85
86 87
71 86
87 88
72 87
88 89
73 88
89 90
74 89
75 90
91 92
76 91
92 93
77 92
93 94
78 93
94 95
79 94
95 96
80 95
96 97
81 96
97 98
82 97
98 99
83 98
99 100
84 99
100 101
85 100
101 102
86 101
102 103
87 102
103 104
88 103
104 105
89 104
90 105
106 107
91 106
107 108
92 107
108 109
93 108
109 110
94 109
110 111
95 110
111 112
96 111
112 113
97 112
113 114
98 113
114 115
99 114
115 116
100 115
116 117
101 116
117 118
102 117
118 119
103 118
119 120
104 119
105 120
121 122
106 121
122 123
107 122
123 124
108 123
124 125
109 124
125 126
110 125
126 127
111 126
127 128
112 127
128 129
113 128
129 130
114 129
130 131
115 130
131 132
116 131
132 133
117 132
133 134
118 133
134 135
119 134
120 135
136 137
121 136
137 138
122 137
138 139
123 138
139 140
124 139
140 141
125 140
141 142
126 141
142 143
127 142
143 144
128 143
144 145
129 144
145 146
130 145
146 147
131 146
147 148
132 147
148 149
133 148
149 150
134 149
135 150
151 152
136 151
152 153
137 152
153 154
138 153
154 155
139 154
155 156
140 155
156 157
141 156
157 158
142 157
158 159
143 158
159 160
144 159
160 161
145 160
161 162
146 161
162 163
147 162
163 164
148 163
164 165
149 164
150 165
166 167
151 166
167 168
152 167
168 169
153 168
169 170
154 169
170 171
155 170
171 172
156 171
172 173
157 172
173 174
158 173
174 175
159 174
175 176
160 175
176 177
161 176
177 178
162 177
178 179
163 178
179 180
164 179
165 180
181 182
166 181
182 183
167 182
183 184
168 183
184 185
169 184
185 186
170 185
186 187
171 186
187 188
172 187
188 189
173 188
189 190
174 189
190 191
175 190
191 192
176 191
192 193
177 192
193 194
178 193
194 195
179 194
180 195
196 197
181 196
197 198
182 197
198 199
183 198
199 200
184 199
185 200
