400
758
1 2
2 3
3 4
4 5
5 6
6 7
7 8
8 9
9 10
10 11
11 12
12 13
13 14
14 15
15 16
16 17
17 18
18 19
19 20
20 21
22 23
1 22
23 24
2 23
24 25
3 24
25 26
4 25
26 27
5 26
27 28
6 27
28 29
7 28
29 30
8 29
30 31
9 30
31 32
10 31
32 33
11 32
33 34
12 33
34 35
13 34
35 36
14 35
36 37
15 36
37 38
16 37
38 39
17 38
39 40
18 39
40 41
19 40
41 42
20 41
21 42
43 44
22 43
44 45
23 44
45 46
24 45
46 47
25 46
47 48
26 47
48 49
27 48
49 50
28 49
50 51
29 50
51 52
30 51
52 53
31 52
53 54
32 53
54 55
33 54
55 56
34 55
56 57
35 56
57 58
36 57
58 59
37 58
59 60
38 59
60 61
39 60
61 62
40 61
62 63
41 62
42 63
64 65
43 64
65 66
44 65
66 67
45 66
67 68
46 67
68 69
47 68
69 70
48 69
70 71
49 70
71 72
50 71
72 73
51 72
73 74
52 73
74 75
53 74
75 76
54 75
76 77
55 76
77 78
56 77
78 79
57 78
79 80
58 79
80 81
59 80
81 82
60 81
82 83
61 82
83 84
62 83
63 84
85 86
64 85
86 87
65 86
87 88
66 87
88 89
67 88
89 90
68 89
90 91
69 90
91 92
70 91
92 93
71 92
93 94
72 93
94 95
73 94
95 96
74 95
96 97
75 96
97 98
76 97
98 99
77 98
99 100
78 99
100 101
79 100
101 102
80 101
102 103
81 102
103 104
82 103
104 105
83 104
84 105
106 107
85 106
107 108
86 107
108 109
87 108
109 110
88 109
110 111
89 110
111 112
90 111
112 113
91 112
113 114
92 113
114 115
93 114
115 116
94 115
116 117
95 116
117 118
96 117
118 119
97 118
119 120
98 119
120 121
99 120
121 122
100 121
122 123
101 122
123 124
102 123
124 125
103 124
125 126
104 125
105 126
127 128
106 127
128 129
107 128
129 130
108 129
130 131
109 130
131 132
110 131
132 133
111 132
133 134
112 133
134 135
113 134
135 136
114 135
136 137
115 136
137 138
116 137
138 139
117 138
139 140
118 139
140 141
119 140
141 142
120 141
142 143
121 142
143 144
122 143
144 145
123 144
145 146
124 145
146 147
125 146
126 147
148 149
127 148
149 150
128 149
150 151
129 150
151 152
130 151
152 153
131 152
153 154
132 153
154 155
133 154
155 156
134 155
156 157
135 156
157 158
136 157
158 159
137 158
159 160
138 159
160 161
139 160
161 162
140 161
162 163
141 162
163 164
142 163
164 165
143 164
165 166
144 165
166 167
145 166
167 168
146 167
147 168
169 170
148 169
170 171
149 170
171 172
150 171
172 173
151 172
173 174
152 173
174 175
153 174
175 176
154 175
176 177
155 176
177 178
156 177
178 179
157 178
179 180
158 179
180 181
159 180
181 182
160 181
182 183
161 182
183 184
162 183
184 185
163 184
185 186
164 185
186 187
165 186
187 188
166 187
188 189
167 188
168 189
190 191
169 190
191 192
170 191
192 193
171 192
193 194
172 193
194 195
173 194
195 196
174 195
196 197
175 196
197 198
176 197
198 199
177 198
199 200
178 199
200 201
179 200
201 202
180 201
202 203
181 202
203 204
182 203
204 205
183 204
205 206
184 205
206 207
185 206
207 208
186 207
208 209
187 208
209 210
188 209
189 210
211 212
190 211
212 213
191 212
213 214
192 213
214 215
193 214
215 216
194 215
216 217
195 216
217 218
196 217
218 219
197 218
219 220
198 219
220 221
199 220
221 222
200 221
222 223
201 222
223 224
202 223
224 225
203 224
225 226
204 225
226 227
205 226
227 228
206 227
228 229
207 228
229 230
208 229
230 231
209 230
210 231
232 233
211 232
233 234
212 233
234 235
213 234
235 236
214 235
236 237
215 236
237 238
216 237
238 239
217 238
239 240
218 239
240 241
219 240
241 242
220 241
242 243
221 242
243 244
222 243
244 245
223 244
245 246
224 245
246 247
225 246
247 248
226 247
248 249
227 248
249 250
228 249
250 251
229 250
251 252
230 251
231 252
253 254
232 253
254 255
233 254
255 256
234 255
256 257
235 256
257 258
236 257
258 259
237 258
259 260
238 259
260 261
239 260
261 262
240 261
262 263
241 262
263 264
242 263
264 265
243 264
265 266
244 265
266 267
245 266
267 268
246 267
268 269
247 268
269 270
248 269
270 271
249 270
271 272
250 271
272 273
251 272
252 273
274 275
253 274
275 276
254 275
276 277
255 276
277 278
256 277
278 279
257 278
279 280
258 279
280 281
259 280
281 282
260 281
282 283
261 282
283 284
262 283
284 285
263 284
285 286
264 285
286 287
265 286
287 288
266 287
288 289
267 288
289 290
268 289
290 291
269 290
291 292
270 291
292 293
271 292
293 294
272 293
273 294
295 296
274 295
296 297
275 296
297 298
276 297
298 299
277 298
299 300
278 299
300 301
279 300
301 302
280 301
302 303
281 302
303 304
282 303
304 305
283 304
305 306
284 305
306 307
285 306
307 308
286 307
308 309
287 308
309 310
288 309
310 311
289 310
311 312
290 311
312 313
291 312
313 314
292 313
314 315
293 314
294 315
316 317
295 316
317 318
296 317
318 319
297 318
319 320
298 319
320 321
299 320
321 322
300 321
322 323
301 322
323 324
302 323
324 325
303 324
325 326
304 325
326 327
305 326
327 328
306 327
328 329
307 328
329 330
308 329
330 331
309 330
331 332
310 331
332 333
311 332
333 334
312 333
334 335
313 334
335 336
314 335
315 336
337 338
316 337
338 339
317 338
339 340
318 339
340 341
319 340
341 342
320 341
342 343
321 342
343 344
322 343
344 345
323 344
345 346
324 345
346 347
325 346
347 348
326 347
348 349
327 348
349 350
328 349
350 351
329 350
351 352
330 351
352 353
331 352
353 354
332 353
354 355
333 354
355 356
334 355
356 357
335 356
336 357
358 359
337 358
359 360
338 359
360 361
339 360
361 362
340 361
362 363
341 362
363 364
342 363
364 365
343 364
365 366
344 365
366 367
345 366
367 368
346 367
368 369
347 368
369 370
348 369
370 371
349 370
371 372
350 371
372 373
351 372
373 374
352 373
374 375
353 374
375 376
354 375
376 377
355 376
377 378
356 377
357 378
379 380
358 379
380 381
359 380
381 382
360 381
382 383
361 382
383 384
362 383
384 385
363 384
385 386
364 385
386 387
365 386
387 388
366 387
388 389
367 388
389 390
368 389
390 391
369 390
391 392
370 391
392 393
371 392
393 394
372 393
394 395
373 394
395 396
374 395
396 397
375 396
397 398
376 397
398 399
377 398
378 399
