500
499
1 2
1 3
1 4
1 5
1 6
1 7
1 8
2 9
2 10
2 11
2 12
2 13
2 14
3 15
3 16
3 17
3 18
3 19
3 20
4 21
4 22
4 23
4 24
4 25
4 26
5 27
5 28
5 29
5 30
5 31
5 32
6 33
6 34
6 35
6 36
6 37
6 38
7 39
7 40
7 41
7 42
7 43
7 44
8 45
8 46
8 47
8 48
8 49
8 50
9 51
9 52
9 53
9 54
9 55
9 56
10 57
10 58
10 59
10 60
10 61
10 62
11 63
11 64
11 65
11 66
11 67
11 68
12 69
12 70
12 71
12 72
12 73
12 74
13 75
13 76
13 77
13 78
13 79
13 80
14 81
14 82
14 83
14 84
14 85
14 86
15 87
15 88
15 89
15 90
15 91
15 92
16 93
16 94
16 95
16 96
16 97
16 98
17 99
17 100
17 101
17 102
17 103
17 104
18 105
18 106
18 107
18 108
18 109
18 110
19 111
19 112
19 113
19 114
19 115
19 116
20 117
20 118
20 119
20 120
20 121
20 122
21 123
21 124
21 125
21 126
21 127
21 128
22 129
22 130
22 131
22 132
22 133
22 134
23 135
23 136
23 137
23 138
23 139
23 140
24 141
24 142
24 143
24 144
24 145
24 146
25 147
25 148
25 149
25 150
25 151
25 152
26 153
26 154
26 155
26 156
26 157
26 158
27 159
27 160
27 161
27 162
27 163
27 164
28 165
28 166
28 167
28 168
28 169
28 170
29 171
29 172
29 173
29 174
29 175
29 176
30 177
30 178
30 179
30 180
30 181
30 182
31 183
31 184
31 185
31 186
31 187
31 188
32 189
32 190
32 191
32 192
32 193
32 194
33 195
33 196
33 197
33 198
33 199
33 200
34 201
34 202
34 203
34 204
34 205
34 206
35 207
35 208
35 209
35 210
35 211
35 212
36 213
36 214
36 215
36 216
36 217
36 218
37 219
37 220
37 221
37 222
37 223
37 224
38 225
38 226
38 227
38 228
38 229
38 230
39 231
39 232
39 233
39 234
39 235
39 236
40 237
40 238
40 239
40 240
40 241
40 242
41 243
41 244
41 245
41 246
41 247
41 248
42 249
42 250
42 251
42 252
42 253
42 254
43 255
43 256
43 257
43 258
43 259
43 260
44 261
44 262
44 263
44 264
44 265
44 266
45 267
45 268
45 269
45 270
45 271
45 272
46 273
46 274
46 275
46 276
46 277
46 278
47 279
47 280
47 281
47 282
47 283
47 284
48 285
48 286
48 287
48 288
48 289
48 290
49 291
49 292
49 293
49 294
49 295
49 296
50 297
50 298
50 299
50 300
50 301
50 302
51 303
51 304
51 305
51 306
51 307
51 308
52 309
52 310
52 311
52 312
52 313
52 314
53 315
53 316
53 317
53 318
53 319
53 320
54 321
54 322
54 323
54 324
54 325
54 326
55 327
55 328
55 329
55 330
55 331
55 332
56 333
56 334
56 335
56 336
56 337
56 338
57 339
57 340
57 341
57 342
57 343
57 344
58 345
58 346
58 347
58 348
58 349
58 350
59 351
59 352
59 353
59 354
59 355
59 356
60 357
60 358
60 359
60 360
60 361
60 362
61 363
61 364
61 365
61 366
61 367
61 368
62 369
62 370
62 371
62 372
62 373
62 374
63 375
63 376
63 377
63 378
63 379
63 380
64 381
64 382
64 383
64 384
64 385
64 386
65 387
65 388
65 389
65 390
65 391
65 392
66 393
66 394
66 395
66 396
66 397
66 398
67 399
67 400
67 401
67 402
67 403
67 404
68 405
68 406
68 407
68 408
68 409
68 410
69 411
69 412
69 413
69 414
69 415
69 416
70 417
70 418
70 419
70 420
70 421
70 422
71 423
71 424
71 425
71 426
71 427
71 428
72 429
72 430
72 431
72 432
72 433
72 434
73 435
73 436
73 437
73 438
73 439
73 440
74 441
74 442
74 443
74 444
74 445
74 446
75 447
75 448
75 449
75 450
75 451
75 452
76 453
76 454
76 455
76 456
76 457
76 458
77 459
77 460
77 461
77 462
77 463
77 464
78 465
78 466
78 467
78 468
78 469
78 470
79 471
79 472
79 473
79 474
79 475
79 476
80 477
80 478
80 479
80 480
80 481
80 482
81 483
81 484
81 485
81 486
81 487
81 488
82 489
82 490
82 491
82 492
82 493
82 494
83 495
83 496
83 497
83 498
83 499
83 500
