500
499
1 2
1 3
1 4
1 5
1 6
1 7
1 8
1 9
2 10
2 11
2 12
2 13
2 14
2 15
2 16
3 17
3 18
3 19
3 20
3 21
3 22
3 23
4 24
4 25
4 26
4 27
4 28
4 29
4 30
5 31
5 32
5 33
5 34
5 35
5 36
5 37
6 38
6 39
6 40
6 41
6 42
6 43
6 44
7 45
7 46
7 47
7 48
7 49
7 50
7 51
8 52
8 53
8 54
8 55
8 56
8 57
8 58
9 59
9 60
9 61
9 62
9 63
9 64
9 65
10 66
10 67
10 68
10 69
10 70
10 71
10 72
11 73
11 74
11 75
11 76
11 77
11 78
11 79
12 80
12 81
12 82
12 83
12 84
12 85
12 86
13 87
13 88
13 89
13 90
13 91
13 92
13 93
14 94
14 95
14 96
14 97
14 98
14 99
14 100
15 101
15 102
15 103
15 104
15 105
15 106
15 107
16 108
16 109
16 110
16 111
16 112
16 113
16 114
17 115
17 116
17 117
17 118
17 119
17 120
17 121
18 122
18 123
18 124
18 125
18 126
18 127
18 128
19 129
19 130
19 131
19 132
19 133
19 134
19 135
20 136
20 137
20 138
20 139
20 140
20 141
20 142
21 143
21 144
21 145
21 146
21 147
21 148
21 149
22 150
22 151
22 152
22 153
22 154
22 155
22 156
23 157
23 158
23 159
23 160
23 161
23 162
23 163
24 164
24 165
24 166
24 167
24 168
24 169
24 170
25 171
25 172
25 173
25 174
25 175
25 176
25 177
26 178
26 179
26 180
26 181
26 182
26 183
26 184
27 185
27 186
27 187
27 188
27 189
27 190
27 191
28 192
28 193
28 194
28 195
28 196
28 197
28 198
29 199
29 200
29 201
29 202
29 203
29 204
29 205
30 206
30 207
30 208
30 209
30 210
30 211
30 212
31 213
31 214
31 215
31 216
31 217
31 218
31 219
32 220
32 221
32 222
32 223
32 224
32 225
32 226
33 227
33 228
33 229
33 230
33 231
33 232
33 233
34 234
34 235
34 236
34 237
34 238
34 239
34 240
35 241
35 242
35 243
35 244
35 245
35 246
35 247
36 248
36 249
36 250
36 251
36 252
36 253
36 254
37 255
37 256
37 257
37 258
37 259
37 260
37 261
38 262
38 263
38 264
38 265
38 266
38 267
38 268
39 269
39 270
39 271
39 272
39 273
39 274
39 275
40 276
40 277
40 278
40 279
40 280
40 281
40 282
41 283
41 284
41 285
41 286
41 287
41 288
41 289
42 290
42 291
42 292
42 293
42 294
42 295
42 296
43 297
43 298
43 299
43 300
43 301
43 302
43 303
44 304
44 305
44 306
44 307
44 308
44 309
44 310
45 311
45 312
45 313
45 314
45 315
45 316
45 317
46 318
46 319
46 320
46 321
46 322
46 323
46 324
47 325
47 326
47 327
47 328
47 329
47 330
47 331
48 332
48 333
48 334
48 335
48 336
48 337
48 338
49 339
49 340
49 341
49 342
49 343
49 344
49 345
50 346
50 347
50 348
50 349
50 350
50 351
50 352
51 353
51 354
51 355
51 356
51 357
51 358
51 359
52 360
52 361
52 362
52 363
52 364
52 365
52 366
53 367
53 368
53 369
53 370
53 371
53 372
53 373
54 374
54 375
54 376
54 377
54 378
54 379
54 380
55 381
55 382
55 383
55 384
55 385
55 386
55 387
56 388
56 389
56 390
56 391
56 392
56 393
56 394
57 395
57 396
57 397
57 398
57 399
57 400
57 401
58 402
58 403
58 404
58 405
58 406
58 407
58 408
59 409
59 410
59 411
59 412
59 413
59 414
59 415
60 416
60 417
60 418
60 419
60 420
60 421
60 422
61 423
61 424
61 425
61 426
61 427
61 428
61 429
62 430
62 431
62 432
62 433
62 434
62 435
62 436
63 437
63 438
63 439
63 440
63 441
63 442
63 443
64 444
64 445
64 446
64 447
64 448
64 449
64 450
65 451
65 452
65 453
65 454
65 455
65 456
65 457
66 458
66 459
66 460
66 461
66 462
66 463
66 464
67 465
67 466
67 467
67 468
67 469
67 470
67 471
68 472
68 473
68 474
68 475
68 476
68 477
68 478
69 479
69 480
69 481
69 482
69 483
69 484
69 485
70 486
70 487
70 488
70 489
70 490
70 491
70 492
71 493
71 494
71 495
71 496
71 497
71 498
71 499
72 500
