500
499
1 2
1 3
1 4
1 5
2 6
2 7
2 8
3 9
3 10
3 11
4 12
4 13
4 14
5 15
5 16
5 17
6 18
6 19
6 20
7 21
7 22
7 23
8 24
8 25
8 26
9 27
9 28
9 29
10 30
10 31
10 32
11 33
11 34
11 35
12 36
12 37
12 38
13 39
13 40
13 41
14 42
14 43
14 44
15 45
15 46
15 47
16 48
16 49
16 50
17 51
17 52
17 53
18 54
18 55
18 56
19 57
19 58
19 59
20 60
20 61
20 62
21 63
21 64
21 65
22 66
22 67
22 68
23 69
23 70
23 71
24 72
24 73
24 74
25 75
25 76
25 77
26 78
26 79
26 80
27 81
27 82
27 83
28 84
28 85
28 86
29 87
29 88
29 89
30 90
30 91
30 92
31 93
31 94
31 95
32 96
32 97
32 98
33 99
33 100
33 101
34 102
34 103
34 104
35 105
35 106
35 107
36 108
36 109
36 110
37 111
37 112
37 113
38 114
38 115
38 116
39 117
39 118
39 119
40 120
40 121
40 122
41 123
41 124
41 125
42 126
42 127
42 128
43 129
43 130
43 131
44 132
44 133
44 134
45 135
45 136
45 137
46 138
46 139
46 140
47 141
47 142
47 143
48 144
48 145
48 146
49 147
49 148
49 149
50 150
50 151
50 152
51 153
51 154
51 155
52 156
52 157
52 158
53 159
53 160
53 161
54 162
54 163
54 164
55 165
55 166
55 167
56 168
56 169
56 170
57 171
57 172
57 173
58 174
58 175
58 176
59 177
59 178
59 179
60 180
60 181
60 182
61 183
61 184
61 185
62 186
62 187
62 188
63 189
63 190
63 191
64 192
64 193
64 194
65 195
65 196
65 197
66 198
66 199
66 200
67 201
67 202
67 203
68 204
68 205
68 206
69 207
69 208
69 209
70 210
70 211
70 212
71 213
71 214
71 215
72 216
72 217
72 218
73 219
73 220
73 221
74 222
74 223
74 224
75 225
75 226
75 227
76 228
76 229
76 230
77 231
77 232
77 233
78 234
78 235
78 236
79 237
79 238
79 239
80 240
80 241
80 242
81 243
81 244
81 245
82 246
82 247
82 248
83 249
83 250
83 251
84 252
84 253
84 254
85 255
85 256
85 257
86 258
86 259
86 260
87 261
87 262
87 263
88 264
88 265
88 266
89 267
89 268
89 269
90 270
90 271
90 272
91 273
91 274
91 275
92 276
92 277
92 278
93 279
93 280
93 281
94 282
94 283
94 284
95 285
95 286
95 287
96 288
96 289
96 290
97 291
97 292
97 293
98 294
98 295
98 296
99 297
99 298
99 299
100 300
100 301
100 302
101 303
101 304
101 305
102 306
102 307
102 308
103 309
103 310
103 311
104 312
104 313
104 314
105 315
105 316
105 317
106 318
106 319
106 320
107 321
107 322
107 323
108 324
108 325
108 326
109 327
109 328
109 329
110 330
110 331
110 332
111 333
111 334
111 335
112 336
112 337
112 338
113 339
113 340
113 341
114 342
114 343
114 344
115 345
115 346
115 347
116 348
116 349
116 350
117 351
117 352
117 353
118 354
118 355
118 356
119 357
119 358
119 359
120 360
120 361
120 362
121 363
121 364
121 365
122 366
122 367
122 368
123 369
123 370
123 371
124 372
124 373
124 374
125 375
125 376
125 377
126 378
126 379
126 380
127 381
127 382
127 383
128 384
128 385
128 386
129 387
129 388
129 389
130 390
130 391
130 392
131 393
131 394
131 395
132 396
132 397
132 398
133 399
133 400
133 401
134 402
134 403
134 404
135 405
135 406
135 407
136 408
136 409
136 410
137 411
137 412
137 413
138 414
138 415
138 416
139 417
139 418
139 419
140 420
140 421
140 422
141 423
141 424
141 425
142 426
142 427
142 428
143 429
143 430
143 431
144 432
144 433
144 434
145 435
145 436
145 437
146 438
146 439
146 440
147 441
147 442
147 443
148 444
148 445
148 446
149 447
149 448
149 449
150 450
150 451
150 452
151 453
151 454
151 455
152 456
152 457
152 458
153 459
153 460
153 461
154 462
154 463
154 464
155 465
155 466
155 467
156 468
156 469
156 470
157 471
157 472
157 473
158 474
158 475
158 476
159 477
159 478
159 479
160 480
160 481
160 482
161 483
161 484
161 485
162 486
162 487
162 488
163 489
163 490
163 491
164 492
164 493
164 494
165 495
165 496
165 497
166 498
166 499
166 500
